Webots Project File version R2023b
perspectives: 000000ff00000000fd000000020000000100000375000002ecfc0200000001fb0000001400540065007800740045006400690074006f00720000000013000002ec0000003f00ffffff0000000300000780000000d8fc0100000001fc00000000000007800000000000fffffffa000000000100000002fb0000001a0043006f006e0073006f006c00650041006c006c0041006c006c03000000000000033900000780000000d4fb0000001a0043006f006e0073006f006c00650041006c006c0041006c006c0100000000ffffffff000000000000000000000780000003c600000001000000020000000100000008fc00000000
simulationViewPerspectives: 000000ff000000010000000200000235000005490100000002010000000100
sceneTreePerspectives: 000000ff00000001000000030000001c000000c0000000fa0100000002010000000200
maximizedDockId: -1
centralWidgetVisible: 1
orthographicViewHeight: 1
textFiles: -1
renderingDevicePerspectives: Panda:panda_camera;0;0.04;0.729949;0.760169
